Script started on Thu 20 Mar 2014 10:45:45 AM CDT
]0;ld@ld-GA-MA785GMT-UD2H: ~/lav/Assignments/A5ld@ld-GA-MA785GMT-UD2H:~/lav/Assignments/A5$ ./a5p1
================================
passed test on empty list
================================
testing case 30000 of 900000
================================
initial: 5  
ought2b: 5  5  
outcome: 5  5  
================================
testing case 60000 of 900000
================================
initial: 5  5  5  5  2  3  1  3  3  2  3  0  2  4  1  4  
ought2b: 5  2  3  1  0  4  4  0  1  3  2  5  
outcome: 5  2  3  1  0  4  4  0  1  3  2  5  
================================
testing case 90000 of 900000
================================
initial: 5  1  2  1  1  5  5  5  3  2  1  0  0  2  3  4  5  1  0  
ought2b: 5  1  2  3  0  4  4  0  3  2  1  5  
outcome: 5  1  2  3  0  4  4  0  3  2  1  5  
================================
testing case 120000 of 900000
================================
initial: 3  1  3  5  0  0  5  
ought2b: 3  1  5  0  0  5  1  3  
outcome: 3  1  5  0  0  5  1  3  
================================
testing case 150000 of 900000
================================
initial: 5  2  4  5  4  
ought2b: 5  2  4  4  2  5  
outcome: 5  2  4  4  2  5  
================================
testing case 180000 of 900000
================================
initial: 4  5  2  1  3  5  5  
ought2b: 4  5  2  1  3  3  1  2  5  4  
outcome: 4  5  2  1  3  3  1  2  5  4  
================================
testing case 210000 of 900000
================================
initial: 0  3  2  1  4  1  5  0  5  1  
ought2b: 0  3  2  1  4  5  5  4  1  2  3  0  
outcome: 0  3  2  1  4  5  5  4  1  2  3  0  
================================
testing case 240000 of 900000
================================
initial: 5  0  0  5  2  1  5  5  1  1  0  
ought2b: 5  0  2  1  1  2  0  5  
outcome: 5  0  2  1  1  2  0  5  
================================
testing case 270000 of 900000
================================
initial: 0  
ought2b: 0  0  
outcome: 0  0  
================================
testing case 300000 of 900000
================================
initial: 1  2  3  3  1  3  2  
ought2b: 1  2  3  3  2  1  
outcome: 1  2  3  3  2  1  
================================
testing case 330000 of 900000
================================
initial: 2  4  4  0  0  
ought2b: 2  4  0  0  4  2  
outcome: 2  4  0  0  4  2  
================================
testing case 360000 of 900000
================================
initial: 0  1  4  1  1  
ought2b: 0  1  4  4  1  0  
outcome: 0  1  4  4  1  0  
================================
testing case 390000 of 900000
================================
initial: 5  0  3  4  5  3  5  0  2  2  
ought2b: 5  0  3  4  2  2  4  3  0  5  
outcome: 5  0  3  4  2  2  4  3  0  5  
================================
testing case 420000 of 900000
================================
initial: 2  5  
ought2b: 2  5  5  2  
outcome: 2  5  5  2  
================================
testing case 450000 of 900000
================================
initial: 3  4  3  0  0  3  3  4  0  3  1  2  2  
ought2b: 3  4  0  1  2  2  1  0  4  3  
outcome: 3  4  0  1  2  2  1  0  4  3  
================================
testing case 480000 of 900000
================================
initial: 4  2  0  4  5  0  0  3  2  1  0  0  5  
ought2b: 4  2  0  5  3  1  1  3  5  0  2  4  
outcome: 4  2  0  5  3  1  1  3  5  0  2  4  
================================
testing case 510000 of 900000
================================
initial: 0  4  5  5  4  3  3  1  1  4  1  4  3  2  4  5  1  1  5  
ought2b: 0  4  5  3  1  2  2  1  3  5  4  0  
outcome: 0  4  5  3  1  2  2  1  3  5  4  0  
================================
testing case 540000 of 900000
================================
initial: 1  3  1  1  0  4  3  2  0  3  2  2  2  2  3  4  1  1  2  
ought2b: 1  3  0  4  2  2  4  0  3  1  
outcome: 1  3  0  4  2  2  4  0  3  1  
================================
testing case 570000 of 900000
================================
initial: 2  
ought2b: 2  2  
outcome: 2  2  
================================
testing case 600000 of 900000
================================
initial: 0  5  3  0  4  0  0  5  5  1  0  
ought2b: 0  5  3  4  1  1  4  3  5  0  
outcome: 0  5  3  4  1  1  4  3  5  0  
================================
testing case 630000 of 900000
================================
initial: 3  2  0  4  5  0  0  5  1  4  2  5  0  5  
ought2b: 3  2  0  4  5  1  1  5  4  0  2  3  
outcome: 3  2  0  4  5  1  1  5  4  0  2  3  
================================
testing case 660000 of 900000
================================
initial: 1  4  5  3  0  0  2  3  3  5  1  1  1  2  1  2  4  0  3  
ought2b: 1  4  5  3  0  2  2  0  3  5  4  1  
outcome: 1  4  5  3  0  2  2  0  3  5  4  1  
================================
testing case 690000 of 900000
================================
initial: 0  1  0  5  4  3  0  5  3  2  5  3  2  2  
ought2b: 0  1  5  4  3  2  2  3  4  5  1  0  
outcome: 0  1  5  4  3  2  2  3  4  5  1  0  
================================
testing case 720000 of 900000
================================
initial: 3  1  0  2  2  3  5  4  4  0  1  2  
ought2b: 3  1  0  2  5  4  4  5  2  0  1  3  
outcome: 3  1  0  2  5  4  4  5  2  0  1  3  
================================
testing case 750000 of 900000
================================
initial: 0  1  0  5  
ought2b: 0  1  5  5  1  0  
outcome: 0  1  5  5  1  0  
================================
testing case 780000 of 900000
================================
initial: 4  3  4  3  0  2  1  4  0  5  1  4  2  0  
ought2b: 4  3  0  2  1  5  5  1  2  0  3  4  
outcome: 4  3  0  2  1  5  5  1  2  0  3  4  
================================
testing case 810000 of 900000
================================
initial: 5  4  3  3  2  3  5  0  2  1  0  5  0  4  0  1  4  2  1  
ought2b: 5  4  3  2  0  1  1  0  2  3  4  5  
outcome: 5  4  3  2  0  1  1  0  2  3  4  5  
================================
testing case 840000 of 900000
================================
initial: 5  1  1  0  3  1  4  1  1  4  1  2  1  
ought2b: 5  1  0  3  4  2  2  4  3  0  1  5  
outcome: 5  1  0  3  4  2  2  4  3  0  1  5  
================================
testing case 870000 of 900000
================================
initial: 4  2  
ought2b: 4  2  2  4  
outcome: 4  2  2  4  
================================
testing case 900000 of 900000
================================
initial: 3  0  2  2  2  0  1  5  1  0  0  4  4  1  0  5  
ought2b: 3  0  2  1  5  4  4  5  1  2  0  3  
outcome: 3  0  2  1  5  4  4  5  1  2  0  3  
================================
test program terminated normally
================================
]0;ld@ld-GA-MA785GMT-UD2H: ~/lav/Assignments/A5ld@ld-GA-MA785GMT-UD2H:~/lav/Assignments/A5$ exit
exit

Script done on Thu 20 Mar 2014 10:45:55 AM CDT
